Grant Numbers	records	% of 829
CZ.1.07/2.3.00/20.0265	14	1.689
A/CZ0046/2/0009	5	0.603
IGA 73/2013	5	0.603
023.006.013	3	0.362
LD13017	3	0.362
1C1CMS330997-03-00	2	0.241
1K23AG032870	2	0.241
25/2011	2	0.241
51708410	2	0.241
CSO2013-42513-P	2	0.241
CSO2016-74904-R	2	0.241
FP1106	2	0.241
FPU14/02638	2	0.241
IGA 12/2010	2	0.241
INTER-TRANSFER LTT17033	2	0.241
MSMT COST LD 13017	2	0.241
W81XWH-04-1-0257	2	0.241
002/2009/4.1/OP-VaV	1	0.121
01/004	1	0.121
016010100	1	0.121
08JK452	1	0.121
08JK453	1	0.121
0966130	1	0.121
1.9	1	0.121
1/0149/15	1	0.121
10-JK-02	1	0.121
100	1	0.121
10001A_165625	1	0.121
100098207 [1322746721844]	1	0.121
101323	1	0.121
107508-04	1	0.121
11160096	1	0.121
1120327020	1	0.121
115650	1	0.121
11AZD108	1	0.121
11FTF7520014	1	0.121
12-I-4-2057	1	0.121
124390	1	0.121
13017	1	0.121
13AZD012	1	0.121
1425-03	1	0.121
14AGL024	1	0.121
14ZDA039	1	0.121
15-JK-01	1	0.121
1581/2005	1	0.121
15JJD790025	1	0.121
15S01	1	0.121
16-04-12003	1	0.121
16-14-12005	1	0.121
16/2551-0000353-0	1	0.121
1607247	1	0.121
16CGLJ31	1	0.121
16CKJJ27	1	0.121
16DZ2250500	1	0.121
16YJA840010	1	0.121
16ZDA020	1	0.121
16dz1206502	1	0.121
173011	1	0.121
173018	1	0.121
173029	1	0.121
17BGLJ04	1	0.121
17DZ1203405	1	0.121
17H04670	1	0.121
17PJC107	1	0.121
19YJCZH187	1	0.121
1R01 AG 047869-01	1	0.121
1RC4AG039176-01	1	0.121
20050025002	1	0.121
2005078	1	0.121
2005CB522804	1	0.121
2006AA02Z434	1	0.121
2007AA03Z456	1	0.121
2007K06-03	1	0.121
2007ZR08	1	0.121
2009-0063383	1	0.121
2009/215	1	0.121
20090146120026	1	0.121
20096101110014	1	0.121
20096101120023	1	0.121
2009CB426305	1	0.121
2010JC21	1	0.121
2010JK876	1	0.121
2010JQ2012	1	0.121
2010JS107	1	0.121
2010JS108	1	0.121
2010JS109	1	0.121
20110028794	1	0.121
2011B031700018	1	0.121
2011B032200004	1	0.121
2011J4300108	1	0.121
2012-13/023/AMC/UG	1	0.121
2012-1358	1	0.121
2012-CK-WX-K002	1	0.121
20120000723	1	0.121
201203003	1	0.121
2012A032500004	1	0.121
2012MS0726	1	0.121
201305016	1	0.121
201310361107	1	0.121
2013BAJ10B13	1	0.121
2013BAJ12B02	1	0.121
2013BAJ13B00	1	0.121
2013CB956504	1	0.121
2013FY112500	1	0.121
2014042	1	0.121
2014DX06	1	0.121
2015-02-076	1	0.121
2015-K6014	1	0.121
201502172005	1	0.121
2015BAJ05B02	1	0.121
2015M580666	1	0.121
2015ZZ079	1	0.121
2016-R2-013	1	0.121
201606010282	1	0.121
201611159296	1	0.121
2016A030313734	1	0.121
2016A030313735	1	0.121
2016GNC110016	1	0.121
2016J01732	1	0.121
2016J036	1	0.121
2016M602357	1	0.121
2016RC101	1	0.121
2016YFC0401105	1	0.121
2016YFC0501101	1	0.121
2016YFC0502903	1	0.121
2016YFC0702104	1	0.121
2016YFF0103503	1	0.121
2017-K8-038	1	0.121
201706095035	1	0.121
201706320201	1	0.121
2017101	1	0.121
2017JM5128	1	0.121
2017M611823	1	0.121
2017M623112	1	0.121
2017T100569	1	0.121
2017VP01	1	0.121
2017XZA216	1	0.121
2017YFA0603602	1	0.121
2017YFB0503600	1	0.121
2017YFB0503604	1	0.121
2017YFB0503605	1	0.121
2018C35008	1	0.121
2018KRM166	1	0.121
2018M632860	1	0.121
2018Z026	1	0.121
2019206	1	0.121
2042016kf0055	1	0.121
2042018kf0223	1	0.121
2069999	1	0.121
20776119	1	0.121
21076169	1	0.121
23530837	1	0.121
255423	1	0.121
257682	1	0.121
259-2012-887	1	0.121
27.13547.2019/13.1	1	0.121
27604016	1	0.121
282996	1	0.121
282996 (ENV.2011.1.2.3-2)	1	0.121
30700055	1	0.121
31000019	1	0.121
31070	1	0.121
310841172001	1	0.121
311-99-015	1	0.121
31170471	1	0.121
31370516	1	0.121
31400318	1	0.121
31570584	1	0.121
3201003901	1	0.121
40049/10	1	0.121
4011-144	1	0.121
402764	1	0.121
402836	1	0.121
40381/11	1	0.121
40901277	1	0.121
40930847	1	0.121
40971036	1	0.121
41007-00004900	1	0.121
41171098	1	0.121
41174120	1	0.121
41322004	1	0.121
41340016	1	0.121
41371008	1	0.121
41371499	1	0.121
41371534	1	0.121
41376119	1	0.121
41471370	1	0.121
41501179	1	0.121
41530751	1	0.121
41601159	1	0.121
41601484	1	0.121
41671533	1	0.121
4177010355	1	0.121
41771187	1	0.121
41771485	1	0.121
41771534	1	0.121
41771563	1	0.121
41871169	1	0.121
43007	1	0.121
442381/2014-0	1	0.121
49751	1	0.121
5 K23 DK-067944	1	0.121
50878046	1	0.121
5101954	1	0.121
51108114	1	0.121
51308280	1	0.121
51338007	1	0.121
51408039	1	0.121
51408122	1	0.121
51408442	1	0.121
51508513	1	0.121
51578378	1	0.121
51678127	1	0.121
51678417	1	0.121
51708296	1	0.121
51708425	1	0.121
51778005	1	0.121
51778503	1	0.121
5409	1	0.121
55559	1	0.121
5U01 HL072478-05	1	0.121
5U19OH008868	1	0.121
5U58DP000812	1	0.121
61331016	1	0.121
61472263	1	0.121
61572022	1	0.121
6215648902	1	0.121
63366	1	0.121
65793	1	0.121
65A0337	1	0.121
71071003	1	0.121
71173099	1	0.121
71371014	1	0.121
71471172	1	0.121
71473117	1	0.121
71573231	1	0.121
71771140	1	0.121
73/2013	1	0.121
81173146	1	0.121
81373707	1	0.121
8142008	1	0.121
84549	1	0.121
90AM2752	1	0.121
90AM2768	1	0.121
AG12806	1	0.121
AG13842	1	0.121
AH/H009531/1	1	0.121
ANR-11-LABX-0002-01	1	0.121
ARRA 1RC4AG038176-01	1	0.121
B13011	1	0.121
B14001	1	0.121
BR/175/A1/URBANMYCOSERVE	1	0.121
C7028-16G	1	0.121
CA-40356	1	0.121
CA40356	1	0.121
CBA120108	1	0.121
COST FP1106	1	0.121
CRG/14/01	1	0.121
CT95-0497	1	0.121
CTR16A012	1	0.121
Conicyt/Fondap 15110020	1	0.121
DAMD17-02-1-0126	1	0.121
DP130104090	1	0.121
DP140103171	1	0.121
DP160102114	1	0.121
E 2000069-20001	1	0.121
EP/J017698/1	1	0.121
EP/K037323/1	1	0.121
EP/P505445/1	1	0.121
ES/N010892/1	1	0.121
ESRC/BSB/01	1	0.121
F32 NR 011271	1	0.121
FEL-0905	1	0.121
FPU13/02363	1	0.121
FRAMEADAPT EHP-CZ02-OV-1-044-01-2014	1	0.121
FV14210AT	1	0.121
GA526/08/1050	1	0.121
GERF-IB-033 Almobilius_01DH14003	1	0.121
GJHZ1862	1	0.121
GL15101	1	0.121
GZ1162	1	0.121
GZ1201	1	0.121
HS-079-69	1	0.121
HS-09499	1	0.121
IGA 43/2013	1	0.121
IGA 51/2013	1	0.121
INTEGRAL-121859	1	0.121
IRACDA-K12GM074869	1	0.121
ITMS 26240120014	1	0.121
IUT21-04	1	0.121
JG08181	1	0.121
JY1574	1	0.121
JYYKJXM(2017)011	1	0.121
K 12 HD052902	1	0.121
K23AG032870	1	0.121
K23DK090304	1	0.121
K24 DK02643	1	0.121
KB-04-05	1	0.121
KF-2018-03-006	1	0.121
KL2RR025000	1	0.121
KZ200610025014	1	0.121
LDF_VP_2016014	1	0.121
LO1415	1	0.121
LOTFOR-150205	1	0.121
LOTFOR150205	1	0.121
LP130100164	1	0.121
LYC15-35	1	0.121
M01 RR000052	1	0.121
M01-RR00052	1	0.121
MRC G0500247	1	0.121
MVI-313-99-140	1	0.121
N N303 109234	1	0.121
N01 AG012112	1	0.121
N01AG12112	1	0.121
NC08005	1	0.121
NCET-11-0228	1	0.121
NCMHD-R24-MD000499	1	0.121
NENU-STB07002	1	0.121
NJZY11018	1	0.121
NO16Q041	1	0.121
NORTE-01-0145-FEDER-000003	1	0.121
NRF-2010-0028693	1	0.121
NRF-2015R1A2A2A01006865	1	0.121
NRF-2015R1A2A2A03007992	1	0.121
NRF-2015R1C1A1A01053740	1	0.121
NRF-2016R1A2B4010260	1	0.121
NRF-2017R1D1A1A09000940	1	0.121
NSF DBI 1005082	1	0.121
NSF-OPP-0611871	1	0.121
P170053MIMK	1	0.121
P19236-B17	1	0.121
P200A150310	1	0.121
P30 AG012857	1	0.121
P30 AG021334	1	0.121
P30 AG021334-04	1	0.121
P30 AI50410	1	0.121
P30 HD18288	1	0.121
P30DK092949	1	0.121
P4-0015	1	0.121
P4-0107	1	0.121
P60 AR048093	1	0.121
P60-AR48093	1	0.121
PON03PE_00090_3	1	0.121
POP0504201	1	0.121
PQ-308926/2017-0	1	0.121
PROFOUND FP1304	1	0.121
PSG136	1	0.121
PTDC/AAC-AMB/098825/2008	1	0.121
PV080/2012A	1	0.121
QW201016	1	0.121
R01 HD34157	1	0.121
R01 HS009499	1	0.121
R01-AG18367	1	0.121
R01-HS-07103	1	0.121
R01AG047869	1	0.121
R01DK077785	1	0.121
R21-AT00255	1	0.121
R21AG04923	1	0.121
R24 HD050924	1	0.121
RFSR-CT-2009-00029	1	0.121
S2011010002941	1	0.121
S2012010009177	1	0.121
SACROBOQUE 2016.013	1	0.121
SC16C022	1	0.121
SES 0624263	1	0.121
SFRH/BD/103726/2014	1	0.121
SFRH/BD/69355/2010	1	0.121
SFRH/BD/72272/2010	1	0.121
SFRH/BD/79084/2011	1	0.121
SFRH/BPD/97015/2013	1	0.121
SJ08B03	1	0.121
SK2013A058	1	0.121
SKL-2012-1194	1	0.121
SQ16021	1	0.121
SR/FTP/ES-134/2010	1	0.121
STReESS FP1106	1	0.121
T32 AG000120	1	0.121
T32 HS000078-17	1	0.121
T32 MH19986	1	0.121
T32AA007240	1	0.121
T32NR008857	1	0.121
TKP01KPB-71924	1	0.121
TLK01U-63929	1	0.121
TUF01UF-64971	1	0.121
TUL-EF-KAS-2017-07-02	1	0.121
U1132001	1	0.121
U1406403	1	0.121
U2004-0001	1	0.121
U54 HG007479	1	0.121
UDC2017010412	1	0.121
UID/DTP/04750/2013	1	0.121
URF/7/LMG-006/2013-2014	1	0.121
XDA20040400	1	0.121
XKY2016122	1	0.121
Y421081001	1	0.121
Y7I0051G30	1	0.121
YF07078	1	0.121
kx0010020172651	1	0.121
ts201511045	1	0.121
xky1617	1	0.121
(647 records (78.046%) do not contain data in the field being analyzed.)
